$ANSIBLE_VAULT;1.1;AES256
65313535623831663537626537646363626232613935346364363137336430393634633366643338
6337643366333234386535646237396536393438343231320a353831303537656566333739326638
61376135353933333930303164393034396233363831613432366630373931363061363763663537
3930623639376538380a363462366338626638323333636439326631316161313736376530633131
33623932303539623834323564373530316539303661333066616261613433663362373836333164
30643632613866363739616163373833636330396364656463383735323635306563613238643835
35323434333933396632666161373939316230353765666431666437623163376534363037316439
38363533333233356666393335326639333661623139393166373661393332666233363637633665
64323034656265653964333230323430333935656430306330356635336665623765393830363335
31313561626435313332363234303130313036623464636462386663656361333737626663373962
39613636666535633937396362656464393834373162613764373735646562393133356462643538
31333336393837613566356435333561633839336365316437323965653734303138346461643331
36323039396163356535386232393435633862656361383365396130363631656362653232356239
37363465333036333431636265646534346166376530303333393232383163666532363039616132
30333535363233323230386162323035333031393837356633653735303038653934646332633266
35613066666663356166636166616136323839663433623762666230376535653266323637383533
31636635613637636166303961396565356335376663636134353937356130333366373630313362
65383830316138663032383739373665353135646435396137653966623761643137313636363038
61363861356265343465613730366564376531393663376131306164396636643637663863316566
35653464343365393033373364663634363433366161393639346364383934383735366633343734
34666335393366333566633739373162363338323064326261643031666638353530326639633333
61313164653962626336316131633731333264393433613961623037393961333261643432396430
66613539633531643063306230363939396232373435663330323934386563326666356565643638
33633939383666323066343939633166393437313234636162353330353830393435653232653366
37623566376432353232663832386438346363636461303238386237616133633665376564363337
37633565343165333162356432343963633161613765663337626435643764356237633935613334
33336230373065393166316530353461393731343431633735343736303261333135616531383331
37333536656261663336
