$ANSIBLE_VAULT;1.1;AES256
62326238616639346463623630343736666433376266353039353134336437666537646366323839
6537326635653362313462333366353735613032353463610a393962646562396532313063646261
33323863326639336662343564346662626333343637316330653432326532373434373465666534
6366356465396565320a386335373064356130366463383838646333376366613634396565323132
32393538313361383564393030376633376331323036653865663864356564306338616237616236
37383337323466316166313461623337336538373235356664633235376436613037666234633134
63343136366338653134323665653334653132336335316362353365303132373138626162336135
38633331323839323437313030373433373366356261643663623563353633313636323539333339
36396562653832376435666532656639386363343637313764386339306165653661323639306639
61623466373334313239386365613863616163623434313932323166396664663235646565393934
31356463613564333564363539326664646432333536336339343338633039643632616439663034
66323465666462393866623638343462623030393931623533626334376538376265363866386137
39666264663561393638623932346530313239646437353862353832313430646438653263346136
36666465323464376439363839343164663137636538343963373663666135343565336363303830
32333331323734333065666339383437333061626638383264366162623730323438333434616139
64383463393834383762613863626465376565303939376231653634653264363366366333393338
31316165353465323935363761613936656337646139653336343230376437313333353139353763
33363630396263316439313131313461303537336136393565613630373134613061353761353661
33343863663363366431376435663234376462663661613531643863633765383361343435643661
35393236306361303564636330386534626139396663656532386662623133396635343433663830
35643337386231373862623631356235376136323136643138356538326265616439376639316366
66636433363863626565346635353536616230336462613566313738643038633234633364386632
38396236643133633161386130396537336165313431306339326266336534656362646363313337
65646464346632663031313666616435663535303364366233633736616632653263613337626563
62343036383166656165336631313332316439393735643464396439396665363030663663376132
33363931636638363736623939373239653464633261646637623933356138653631343231393939
66356531626539626163663439656163353134383866313438623738356138313739633032313338
66303535303063363136
